28
14
12
24
22
13
0
9
6
33
8
18
18
22
13
2
31
36
2
19
27
24
32
14
23
19
15
21
25
34
3
31
11
29
32
33
6
32
20
12
5
28
7
24
27
20
3
36
34
5
18
24
6
27
1
6
24
31
4
26
5
7
20
16
36
30
26
5
25
23
17
8
15
2
32
5
22
12
4
19
31
0
20
0
4
36
20
5
30
24
32
35
31
29
28
30
22
31
13
25
18
7
33
10
9
5
15
32
17
34
28
11
34
12
25
15
25
8
21
18
9
16
30
3
8
35
10
8
6
23
33
24
31
29
34
3
11
27
12
28
24
18
16
21
7
18
36
32
3
34
27
12
13
20
29
36
32
2
7
1
3
3
3
11
9
0
28
20
4
18
25
28
36
18
26
6
36
3
1
2
0
5
14
14
25
20
13
34
36
20
35
2
0
1
27
9
16
33
6
20
14
8
12
13
26
1
33
2
4
11
4
19
16
32
33
18
15
23
15
14
20
13
31
34
29
35
6
8
31
26
28
8
34
17
35
0
19
31
2
0
19
20
33
12
15
6
30
7
29
22
35
26
13
6
23
5
5
6
27
36
9
18
8
6
36
20
20
32
29
22
9
11
5
6
24
34
12
31
18
19
17
17
22
7
23
9
12
5
29
2
5
2
34
27
22
10
10
6
5
2
5
29
14
25
12
15
22
1
23
18
20
17
35
6
24
35
29
36
4
21
15
23
0
13
13
23
23
23
6
6
26
11
12
17
36
24
9
36
25
32
17
9
27
29
29
14
4
21
28
8
19
6
31
34
33
21
20
34
8
26
17
11
14
29
5
28
16
28
27
4
0
21
27
27
27
33
5
31
31
10
17
28
16
25
25
27
10
8
24
32
11
4
20
2
33
2
30
26
30
34
7
7
32
12
35
22
8
17
31
17
4
11
8
34
36
33
24
23
18
25
18
6
29
15
8
2
17
16
5
24
27
13
32
23
25
7
22
10
1
16
27
5
4
12
2
4
22
4
4
3
29
0
23
36
15
9
1
10
25
21
34
29
34
6
29
36
27
15
23
28
8
14
10
13
3
27
31
26
31
35
6
0
12
30
36
28
2
15
1
27
36
12
33
10
19
26
9
9
4
32
15
26
23
2
2
27
29
10
30
0
23
36
15
35
29
14
3
31
29
4
35
5
17
32
15
13
21
24
36
2
34
28
28
20
31
8
24
0
18
17
15
18
17
30
17
23
7
20
18
14
2
30
19
33
2
12
23
23
36
22
2
33
14
31
31
22
16
18
36
11
13
14
30
7
7
24
30
29
7
25
6
23
19
2
19
21
14
5
22
28
5
24
1
33
32
9
18
25
5
17
0
18
9
30
25
16
17
32
8
1
21
28
25
3
8
21
1
36
4
0
27
9
25
6
5
34
15
0
23
34
31
23
15
3
30
17
34
24
13
19
25
34
25
27
14
33
26
29
9
30
30
0
16
32
20
35
29
12
35
29
10
6
15
2
24
22
20
21
9
10
17
12
7
5
2
35
1
5
27
11
35
20
25
14
29
22
12
22
34
24
14
21
8
7
24
32
29
7
30
16
17
10
28
1
16
7
13
31
13
17
19
25
15
21
3
7
6
29
29
18
31
21
2
2
5
3
34
11
10
4
27
4
14
18
19
30
3
9
25
30
27
21
18
5
6
35
12
12
5
19
7
36
17
10
15
22
13
26
33
1
30
24
19
7
19
16
1
36
25
3
29
29
24
25
11
7
23
24
20
28
20
27
4
0
14
19
22
5
8
32
20
1
19
16
9
16
9
24
15
12
4
22
4
5
10
16
13
33
17
10
2
14
14
20
14
6
3
13
25
25
22
22
27
19
1
13
35
25
14
27
0
32
12
4
0
36
34
27
33
14
14
12
5
29
32
33
12
12
9
0
1
9
22
5
28
0
18
26
25
9
30
25
4
20
7
18
19
4
23
15
33
0
4
15
6
14
12
18
26
35
18
27
7
17
32
35
32
27
1
20
36
32
23
17
15
30
36
34
11
22
27
21
36
8
14
6
22
26
24
12
24
20
2
32
14
12
30
9
2
32
7
16
27
30
33
19
0
32
30
25
31
20
24
31
29
1
14
28
27
15
3
28
12
20
23
27
32
17
13
11
26
20
27
30
13
24
26
27
33
19
30
5
3
17
36
9
32
27
0
22
5
18
13
18
1
14
22
10
8
35
21
34
19
12
4
9
13
30
14
9
12
7
14
29
24
27
15
19
31
16
